28 99 127 127
29 98 127 127
29 99 127 126
30 97 127 127
30 99 127 125
31 96 127 127
31 97 127 126
31 98 127 125
31 99 127 124
32 95 127 127
33 94 127 127
33 95 127 126
34 93 127 127
34 95 127 125
35 92 127 127
35 93 127 126
35 94 127 125
35 95 127 124
36 91 127 127
36 95 127 123
37 90 127 127
37 91 127 126
37 94 127 123
37 95 127 122
38 89 127 127
38 91 127 125
38 93 127 123
38 95 127 121
39 88 127 127
39 89 127 126
39 90 127 125
39 91 127 124
39 92 127 123
39 93 127 122
39 94 127 121
39 95 127 120
40 87 127 127
40 95 127 119
41 86 127 127
41 87 127 126
41 94 127 119
41 95 127 118
42 85 127 127
42 87 127 125
42 93 127 119
42 95 127 117
43 84 127 127
43 85 127 126
43 86 127 125
43 87 127 124
43 92 127 119
43 93 127 118
43 94 127 117
43 95 127 116
44 83 127 127
44 87 127 123
44 91 127 119
44 95 127 115
45 82 127 127
45 83 127 126
45 86 127 123
45 87 127 122
45 90 127 119
45 91 127 118
45 94 127 115
45 95 127 114
46 81 127 127
46 83 127 125
46 85 127 123
46 87 127 121
46 89 127 119
46 91 127 117
46 93 127 115
46 95 127 113
47 80 127 127
47 81 127 126
47 82 127 125
47 83 127 124
47 84 127 123
47 85 127 122
47 86 127 121
47 87 127 120
47 88 127 119
47 89 127 118
47 90 127 117
47 91 127 116
47 92 127 115
47 93 127 114
47 94 127 113
47 95 127 112
48 79 127 127
48 95 127 111
49 78 127 127
49 79 127 126
49 94 127 111
49 95 127 110
50 77 127 127
50 79 127 125
50 93 127 111
50 95 127 109
51 76 127 127
51 77 127 126
51 78 127 125
51 79 127 124
51 92 127 111
51 93 127 110
51 94 127 109
51 95 127 108
52 75 127 127
52 79 127 123
52 91 127 111
52 95 127 107
53 74 127 127
53 75 127 126
53 78 127 123
53 79 127 122
53 90 127 111
53 91 127 110
53 94 127 107
53 95 127 106
54 73 127 127
54 75 127 125
54 77 127 123
54 79 127 121
54 89 127 111
54 91 127 109
54 93 127 107
54 95 127 105
55 72 127 127
55 73 127 126
55 74 127 125
55 75 127 124
55 76 127 123
55 77 127 122
55 78 127 121
55 79 127 120
55 88 127 111
55 89 127 110
55 90 127 109
55 91 127 108
55 92 127 107
55 93 127 106
55 94 127 105
55 95 127 104
56 71 127 127
56 79 127 119
56 87 127 111
56 95 127 103
57 70 127 127
57 71 127 126
57 78 127 119
57 79 127 118
57 86 127 111
57 87 127 110
57 94 127 103
57 95 127 102
58 69 127 127
58 71 127 125
58 77 127 119
58 79 127 117
58 85 127 111
58 87 127 109
58 93 127 103
58 95 127 101
59 68 127 127
59 69 127 126
59 70 127 125
59 71 127 124
59 76 127 119
59 77 127 118
59 78 127 117
59 79 127 116
59 84 127 111
59 85 127 110
59 86 127 109
59 87 127 108
59 92 127 103
59 93 127 102
59 94 127 101
59 95 127 100
60 67 127 127
60 71 127 123
60 75 127 119
60 79 127 115
60 83 127 111
60 87 127 107
60 91 127 103
60 95 127 99
60 99 127 95
61 66 127 127
61 67 127 126
61 70 127 123
61 71 127 122
61 74 127 119
61 75 127 118
61 78 127 115
61 79 127 114
61 82 127 111
61 83 127 110
61 86 127 107
61 87 127 106
61 90 127 103
61 91 127 102
61 94 127 99
61 95 127 98
61 98 127 95
61 99 127 94
62 65 127 127
62 67 127 125
62 69 127 123
62 71 127 121
62 73 127 119
62 75 127 117
62 77 127 115
62 79 127 113
62 81 127 111
62 83 127 109
62 85 127 107
62 87 127 105
62 89 127 103
62 91 127 101
62 93 127 99
62 95 127 97
62 97 127 95
62 99 127 93
63 64 127 127
63 65 127 126
63 66 127 125
63 67 127 124
63 68 127 123
63 69 127 122
63 70 127 121
63 71 127 120
63 72 127 119
63 73 127 118
63 74 127 117
63 75 127 116
63 76 127 115
63 77 127 114
63 78 127 113
63 79 127 112
63 80 127 111
63 81 127 110
63 82 127 109
63 83 127 108
63 84 127 107
63 85 127 106
63 86 127 105
63 87 127 104
63 88 127 103
63 89 127 102
63 90 127 101
63 91 127 100
63 92 127 99
63 93 127 98
63 94 127 97
63 95 127 96
63 96 127 95
63 97 127 94
63 98 127 93
63 99 127 92
64 63 127 127
65 62 127 127
65 63 127 126
66 61 127 127
66 63 127 125
67 60 127 127
67 61 127 126
67 62 127 125
67 63 127 124
68 59 127 127
68 63 127 123
69 58 127 127
69 59 127 126
69 62 127 123
69 63 127 122
70 57 127 127
70 59 127 125
70 61 127 123
70 63 127 121
71 56 127 127
71 57 127 126
71 58 127 125
71 59 127 124
71 60 127 123
71 61 127 122
71 62 127 121
71 63 127 120
72 55 127 127
72 63 127 119
73 54 127 127
73 55 127 126
73 62 127 119
73 63 127 118
74 53 127 127
74 55 127 125
74 61 127 119
74 63 127 117
75 52 127 127
75 53 127 126
75 54 127 125
75 55 127 124
75 60 127 119
75 61 127 118
75 62 127 117
75 63 127 116
76 51 127 127
76 55 127 123
76 59 127 119
76 63 127 115
77 50 127 127
77 51 127 126
77 54 127 123
77 55 127 122
77 58 127 119
77 59 127 118
77 62 127 115
77 63 127 114
78 49 127 127
78 51 127 125
78 53 127 123
78 55 127 121
78 57 127 119
78 59 127 117
78 61 127 115
78 63 127 113
79 48 127 127
79 49 127 126
79 50 127 125
79 51 127 124
79 52 127 123
79 53 127 122
79 54 127 121
79 55 127 120
79 56 127 119
79 57 127 118
79 58 127 117
79 59 127 116
79 60 127 115
79 61 127 114
79 62 127 113
79 63 127 112
80 47 127 127
80 63 127 111
81 46 127 127
81 47 127 126
81 62 127 111
81 63 127 110
82 45 127 127
82 47 127 125
82 61 127 111
82 63 127 109
83 44 127 127
83 45 127 126
83 46 127 125
83 47 127 124
83 60 127 111
83 61 127 110
83 62 127 109
83 63 127 108
84 43 127 127
84 47 127 123
84 59 127 111
84 63 127 107
85 42 127 127
85 43 127 126
85 46 127 123
85 47 127 122
85 58 127 111
85 59 127 110
85 62 127 107
85 63 127 106
86 41 127 127
86 43 127 125
86 45 127 123
86 47 127 121
86 57 127 111
86 59 127 109
86 61 127 107
86 63 127 105
87 40 127 127
87 41 127 126
87 42 127 125
87 43 127 124
87 44 127 123
87 45 127 122
87 46 127 121
87 47 127 120
87 56 127 111
87 57 127 110
87 58 127 109
87 59 127 108
87 60 127 107
87 61 127 106
87 62 127 105
87 63 127 104
88 39 127 127
88 47 127 119
88 55 127 111
88 63 127 103
89 38 127 127
89 39 127 126
89 46 127 119
89 47 127 118
89 54 127 111
89 55 127 110
89 62 127 103
89 63 127 102
90 37 127 127
90 39 127 125
90 45 127 119
90 47 127 117
90 53 127 111
90 55 127 109
90 61 127 103
90 63 127 101
91 36 127 127
91 37 127 126
91 38 127 125
91 39 127 124
91 44 127 119
91 45 127 118
91 46 127 117
91 47 127 116
91 52 127 111
91 53 127 110
91 54 127 109
91 55 127 108
91 60 127 103
91 61 127 102
91 62 127 101
91 63 127 100
92 35 127 127
92 39 127 123
92 43 127 119
92 47 127 115
92 51 127 111
92 55 127 107
92 59 127 103
92 63 127 99
92 99 127 63
93 34 127 127
93 35 127 126
93 38 127 123
93 39 127 122
93 42 127 119
93 43 127 118
93 46 127 115
93 47 127 114
93 50 127 111
93 51 127 110
93 54 127 107
93 55 127 106
93 58 127 103
93 59 127 102
93 62 127 99
93 63 127 98
93 98 127 63
93 99 127 62
94 33 127 127
94 35 127 125
94 37 127 123
94 39 127 121
94 41 127 119
94 43 127 117
94 45 127 115
94 47 127 113
94 49 127 111
94 51 127 109
94 53 127 107
94 55 127 105
94 57 127 103
94 59 127 101
94 61 127 99
94 63 127 97
94 97 127 63
94 99 127 61
95 32 127 127
95 33 127 126
95 34 127 125
95 35 127 124
95 36 127 123
95 37 127 122
95 38 127 121
95 39 127 120
95 40 127 119
95 41 127 118
95 42 127 117
95 43 127 116
95 44 127 115
95 45 127 114
95 46 127 113
95 47 127 112
95 48 127 111
95 49 127 110
95 50 127 109
95 51 127 108
95 52 127 107
95 53 127 106
95 54 127 105
95 55 127 104
95 56 127 103
95 57 127 102
95 58 127 101
95 59 127 100
95 60 127 99
95 61 127 98
95 62 127 97
95 63 127 96
95 96 127 63
95 97 127 62
95 98 127 61
95 99 127 60
96 31 127 127
96 63 127 95
96 95 127 63
97 30 127 127
97 31 127 126
97 62 127 95
97 63 127 94
97 94 127 63
97 95 127 62
98 29 127 127
98 31 127 125
98 61 127 95
98 63 127 93
98 93 127 63
98 95 127 61
99 28 127 127
99 29 127 126
99 30 127 125
99 31 127 124
99 60 127 95
99 61 127 94
99 62 127 93
99 63 127 92
99 92 127 63
99 93 127 62
99 94 127 61
99 95 127 60









28 99 127 127
29 98 127 127
30 97 127 127
31 96 127 127
32 95 127 127
33 94 127 127
34 93 127 127
35 92 127 127
36 91 127 127
37 90 127 127
38 89 127 127
39 88 127 127
40 87 127 127
41 86 127 127
42 85 127 127
43 84 127 127
44 83 127 127
45 82 127 127
46 81 127 127
47 80 127 127
48 79 127 127
49 78 127 127
50 77 127 127
51 76 127 127
52 75 127 127
53 74 127 127
54 73 127 127
55 72 127 127
56 71 127 127
57 70 127 127
58 69 127 127
59 68 127 127
60 67 127 127
61 66 127 127
62 65 127 127
63 64 127 127
64 63 127 127
65 62 127 127
66 61 127 127
67 60 127 127
68 59 127 127
69 58 127 127
70 57 127 127
71 56 127 127
72 55 127 127
73 54 127 127
74 53 127 127
75 52 127 127
76 51 127 127
77 50 127 127
78 49 127 127
79 48 127 127
80 47 127 127
81 46 127 127
82 45 127 127
83 44 127 127
84 43 127 127
85 42 127 127
86 41 127 127
87 40 127 127
88 39 127 127
89 38 127 127
90 37 127 127
91 36 127 127
92 35 127 127
93 34 127 127
94 33 127 127
95 32 127 127
96 31 127 127
97 30 127 127
98 29 127 127
99 28 127 127

